x,y,z,label
-0.7773,0.4922,0.3398,lean_left
-0.7852,0.5117,0.3555,lean_left
-0.7734,0.5117,0.3477,lean_left
-0.7813,0.5273,0.3555,lean_left
-0.7852,0.4961,0.3203,lean_left
-0.7891,0.5273,0.3438,lean_left
-0.8086,0.5078,0.3086,lean_left
-0.7930,0.5195,0.2969,lean_left
-0.7461,0.5664,0.2813,lean_left
-0.7031,0.6406,0.2773,lean_left
-0.7500,0.6172,0.2773,lean_left
-0.7305,0.6172,0.2578,lean_left
-0.7266,0.6328,0.2617,lean_left
-0.7188,0.6445,0.2422,lean_left
-0.6953,0.6719,0.2500,lean_left
-0.7031,0.6719,0.2461,lean_left
-0.7070,0.6563,0.2422,lean_left
-0.7031,0.6680,0.2422,lean_left
-0.7188,0.6523,0.2500,lean_left
-0.7070,0.6641,0.2500,lean_left
-0.7148,0.6758,0.2500,lean_left
-0.6953,0.6797,0.2461,lean_left
-0.6953,0.6875,0.2500,lean_left
-0.6953,0.6875,0.2383,lean_left
-0.7070,0.6797,0.2500,lean_left
-0.6992,0.6758,0.2500,lean_left
-0.7109,0.6758,0.2539,lean_left
-0.7109,0.6797,0.2461,lean_left
-0.7070,0.6680,0.2500,lean_left
-0.7148,0.6680,0.2500,lean_left
-0.7109,0.6523,0.2500,lean_left
-0.7227,0.6563,0.2461,lean_left
-0.7227,0.6641,0.2500,lean_left
-0.7305,0.6602,0.2539,lean_left
-0.7148,0.6641,0.2617,lean_left
-0.7383,0.6445,0.2578,lean_left
-0.7305,0.6406,0.2539,lean_left
-0.7422,0.6406,0.2578,lean_left
-0.7383,0.6367,0.2617,lean_left
-0.7109,0.6563,0.2539,lean_left
-0.7227,0.6445,0.2695,lean_left
-0.7383,0.6055,0.2930,lean_left
-0.7227,0.6406,0.2773,lean_left
-0.7109,0.6523,0.2656,lean_left
-0.7305,0.6328,0.2969,lean_left
-0.7109,0.6445,0.3008,lean_left
-0.7266,0.6289,0.3008,lean_left
-0.7383,0.6211,0.2852,lean_left
-0.7344,0.6172,0.2773,lean_left
-0.7266,0.6289,0.3086,lean_left
-0.7305,0.6133,0.2930,lean_left
-0.7461,0.6211,0.2891,lean_left
-0.7500,0.5977,0.2578,lean_left
-0.7578,0.5898,0.2969,lean_left
-0.7422,0.6094,0.3125,lean_left
-0.7656,0.5938,0.2695,lean_left
-0.7500,0.6094,0.2734,lean_left
-0.7461,0.6055,0.3008,lean_left
-0.7461,0.6055,0.2734,lean_left
-0.7383,0.6367,0.2734,lean_left
-0.7305,0.6445,0.2695,lean_left
-0.7266,0.6445,0.2813,lean_left
-0.7344,0.6406,0.2695,lean_left
-0.7305,0.6406,0.2578,lean_left
-0.6836,0.6719,0.2461,lean_left
-0.6914,0.6914,0.2773,lean_left
-0.6641,0.6914,0.2578,lean_left
-0.6680,0.6992,0.2539,lean_left
-0.6680,0.7227,0.2656,lean_left
-0.6250,0.7227,0.2773,lean_left
-0.6133,0.7148,0.2578,lean_left
-0.6367,0.7305,0.2773,lean_left
-0.6055,0.7305,0.2695,lean_left
-0.6289,0.7305,0.2852,lean_left
-0.6211,0.7266,0.2891,lean_left
-0.6172,0.7227,0.2773,lean_left
-0.6328,0.7188,0.2891,lean_left
-0.6289,0.7109,0.2813,lean_left
-0.6367,0.7109,0.2969,lean_left
-0.6523,0.6953,0.2969,lean_left
-0.6563,0.7031,0.3008,lean_left
-0.6484,0.7031,0.2969,lean_left
-0.6523,0.6992,0.2930,lean_left
-0.6406,0.7031,0.2891,lean_left
-0.6484,0.7109,0.3008,lean_left
-0.6484,0.7109,0.2930,lean_left
-0.6523,0.6992,0.2852,lean_left
-0.6445,0.6992,0.2930,lean_left
-0.6523,0.6953,0.2930,lean_left
-0.6445,0.7031,0.2852,lean_left
-0.6484,0.6953,0.3008,lean_left
-0.6563,0.6758,0.2891,lean_left
-0.6563,0.7031,0.3008,lean_left
-0.6523,0.7031,0.3008,lean_left
-0.6406,0.6914,0.2930,lean_left
-0.6641,0.6992,0.2852,lean_left
-0.6328,0.6602,0.2695,lean_left
-0.6250,0.7227,0.3047,lean_left
-0.6250,0.6992,0.3008,lean_left
-0.6328,0.7148,0.3320,lean_left
-0.6211,0.7148,0.3125,lean_left
-0.6133,0.7109,0.3125,lean_left
-0.6211,0.7227,0.3203,lean_left
-0.6133,0.7188,0.3281,lean_left
-0.6250,0.7031,0.3164,lean_left
-0.6328,0.6836,0.3086,lean_left
-0.6289,0.6797,0.3164,lean_left
-0.6328,0.6953,0.3203,lean_left
-0.6367,0.6992,0.3281,lean_left
-0.6367,0.6953,0.3203,lean_left
-0.6367,0.6992,0.3242,lean_left
-0.6484,0.6875,0.3320,lean_left
-0.6445,0.6836,0.3281,lean_left
-0.6445,0.6875,0.3320,lean_left
-0.6523,0.6914,0.3281,lean_left
-0.6523,0.6875,0.3281,lean_left
-0.6406,0.6875,0.3320,lean_left
-0.6445,0.6875,0.3281,lean_left
-0.6641,0.6914,0.3438,lean_left
-0.6602,0.6680,0.3281,lean_left
-0.6758,0.6680,0.3320,lean_left
-0.6563,0.6758,0.3242,lean_left
-0.6523,0.7031,0.3242,lean_left
-0.6523,0.6758,0.3281,lean_left
-0.6445,0.6523,0.3203,lean_left
-0.6406,0.6914,0.3438,lean_left
-0.6523,0.6836,0.3438,lean_left
-0.6367,0.6758,0.3359,lean_left
-0.6484,0.6914,0.3477,lean_left
-0.6328,0.6914,0.3398,lean_left
-0.6523,0.6992,0.3633,lean_left
-0.6523,0.6953,0.3594,lean_left
-0.6406,0.6797,0.3516,lean_left
-0.6406,0.6797,0.3594,lean_left
-0.6367,0.6758,0.3516,lean_left
-0.6523,0.6758,0.3477,lean_left
-0.6484,0.6992,0.3555,lean_left
-0.6328,0.6797,0.3594,lean_left
-0.6406,0.6797,0.3438,lean_left
-0.6445,0.6797,0.3516,lean_left
-0.6328,0.6797,0.3359,lean_left
-0.6523,0.6719,0.3555,lean_left
-0.6484,0.6836,0.3477,lean_left
-0.6445,0.6797,0.3438,lean_left
-0.6484,0.6719,0.3555,lean_left
-0.6484,0.6758,0.3438,lean_left
-0.6484,0.6797,0.3398,lean_left
-0.6563,0.6758,0.3477,lean_left
-0.6602,0.6797,0.3555,lean_left
-0.6445,0.6719,0.3477,lean_left
-0.6563,0.6719,0.3438,lean_left
-0.6563,0.6680,0.3477,lean_left
-0.6484,0.6719,0.3477,lean_left
-0.6445,0.6758,0.3477,lean_left
-0.6563,0.6719,0.3555,lean_left
-0.6523,0.6719,0.3555,lean_left
-0.6445,0.6719,0.3438,lean_left
-0.6563,0.6719,0.3477,lean_left
-0.6445,0.6719,0.3359,lean_left
-0.6523,0.6758,0.3477,lean_left
-0.6523,0.6641,0.3477,lean_left
-0.6484,0.6758,0.3438,lean_left
-0.6328,0.6797,0.3086,lean_left
-0.6484,0.6719,0.3359,lean_left
-0.6523,0.6641,0.3398,lean_left
-0.6602,0.6563,0.3398,lean_left
-0.6406,0.6758,0.3398,lean_left
-0.6445,0.6758,0.3477,lean_left
-0.6680,0.6680,0.3555,lean_left
-0.6523,0.6797,0.3438,lean_left
-0.6523,0.6797,0.3516,lean_left
-0.6602,0.6797,0.3516,lean_left
-0.6563,0.6758,0.3359,lean_left
-0.6484,0.6758,0.3359,lean_left
-0.6484,0.6719,0.3359,lean_left
-0.6484,0.6758,0.3398,lean_left
-0.6406,0.6797,0.3359,lean_left
-0.6484,0.6797,0.3477,lean_left
-0.6406,0.6875,0.3398,lean_left
-0.6367,0.6914,0.3398,lean_left
-0.6367,0.6914,0.3438,lean_left
-0.6328,0.6875,0.3438,lean_left
-0.6367,0.6875,0.3359,lean_left
-0.6328,0.6914,0.3359,lean_left
-0.6328,0.6914,0.3359,lean_left
-0.6445,0.6875,0.3281,lean_left
-0.6406,0.6875,0.3359,lean_left
-0.6133,0.6992,0.3438,lean_left
-0.6328,0.6914,0.3398,lean_left
-0.6367,0.6875,0.3398,lean_left
-0.6328,0.6953,0.3320,lean_left
-0.6367,0.6875,0.3320,lean_left
-0.6445,0.6914,0.3359,lean_left
-0.6406,0.6914,0.3320,lean_left
-0.6406,0.6914,0.3438,lean_left
-0.6445,0.6953,0.3320,lean_left
-0.6367,0.6953,0.3398,lean_left
-0.6367,0.6875,0.3281,lean_left
-0.6406,0.6875,0.3359,lean_left
-0.6406,0.6953,0.3320,lean_left